- [114] -

EVRIPIDIS * fr. 396 p. 89
‚‚ 432 ,, 15
,, 4321 „ 48
fragm. lyric. adesp. 6910
11 11 ῃ 11
„ ,, ,, 121 „ 89
fragm. tragic. adesp. 100 ‚‚
1 11 149 11 20
1 11 11 395 11 63 ¹
,, ,, ,, 402 „ 63
Heplmestion p. 39 ι ,, 6. 20. 41
,, 6. 114
2, 53
2, 51
p. 51115311, 63
μΜΜῶ
,, 55. 55. 68
,, 52
,, 65
,11131146
,, 1
‚2 7

u 59 ,, 41

1111111111. p. 119 ,, 1
,, 111 ,, 11
,, 194 54. 95
‚, 195 ,‚ 54
,, 111 ,, 1
,, 111 ,, 5
,, 111 ,, 41
*HERMIPPI 1. 11 ,, 11
1111111111 1. 91 ,, 57
1111111111 11111111 99 ‚‚ 50
1111111111111 111 „51 19
11111111 ,, 9
11111111 1. 154 „91
1, 211 ν „31
111111111 111. 1. 11 ,, 54
1111111111 1111. fr. 14 ,, 59
1111111111 1. 4 ,, 59
SAPPHONIS 1. 11
,, 59
,, 111

 

,, 1111. 15 ⁸

